   0.260352    0.517945  -0.0322303   -0.320609   -0.268181   -0.468661   0.0289776    0.219128    0.251197    0.119251  -0.0557986   -0.280419   -0.246236
   0.265812    0.446554   0.0154394   -0.287597    0.059717    0.206325  -0.0558993    0.222358   -0.480284  -0.0125332  -0.0696876    0.439389    0.345733
   0.271216     0.34442   -0.203621   0.0127314    0.142727    0.437656   -0.120034   -0.388971   0.0359728    -0.30496    0.413507   -0.260506    -0.23543
    0.27382     0.19614   -0.264799    0.345402   0.0109156  -0.0525589    0.205023   -0.380636    0.448594    0.202138   -0.245434    0.394096    0.222902
   0.272957   0.0602939 -0.00844913    0.529098  -0.0507366  -0.0568278    0.399695    0.143041   -0.393561   -0.220335   -0.260518   -0.419223   0.0936364
   0.273454  0.00871807     0.27834    0.460224   0.0598222    0.122886   -0.106457    0.508664    0.164149    0.216634     0.37444    0.240875    -0.27389
   0.276461  -0.0203213    0.332307   0.0582619    0.327448 -0.00427114   -0.616567    -0.14927   0.0249156    0.205851   -0.394519   -0.292618    0.124063
   0.277846   -0.133223    0.432587  -0.0914608    0.239694   -0.504004    0.139178   -0.259531  -0.0277396   -0.451792     0.20733    0.251136  -0.0204391
   0.280203    -0.19229    0.344361   -0.284898   -0.112352    0.267464     0.45929   -0.264533   -0.115827    0.528296    0.067025   -0.118164   -0.093321
   0.285513    -0.24799    0.168602   -0.141367   -0.515158    0.312273  -0.0771172    0.163343      0.3788   -0.406349   -0.100002  -0.0412433    0.304519
   0.289647   -0.276461   -0.272161   0.0619073   -0.441376   -0.120933   -0.319872   -0.191968   -0.369125   0.0203751   -0.134002    0.252274    -0.44147
   0.287339   -0.287611   -0.397896  -0.0442606   0.0416144   -0.270395   -0.116583   0.0733377  -0.0674442    0.226757    0.488279   -0.205605    0.493926
   0.289179   -0.309402   -0.364191   -0.290828    0.508566    0.119685    0.190196    0.314056    0.150878   -0.117241   -0.288502   0.0329556   -0.273554
